v1/VOC2007/JPEGImages/a9b011ab82eec7a8617e9b5fc5422392.jpg 198,136,826,757,0
v1/VOC2007/JPEGImages/03741903fed4fc798aa9763a563c303d.jpg 98,89,455,325,0
v1/VOC2007/JPEGImages/31c6adb08dee8b5eb0fc84ccf8fa6dd4.jpg 180,366,562,531,0
v1/VOC2007/JPEGImages/829a7236f6b7a652d9628265203279a0.jpg 88,103,673,496,0 660,237,822,438,0
v1/VOC2007/JPEGImages/0c891d143858ca76d94024f3bbc3ed5d.jpg 322,267,497,411,0
v1/VOC2007/JPEGImages/b4d360bd0d1fa650d43faaf4fe0d5fc0.jpg 234,69,519,218,0
v1/VOC2007/JPEGImages/41f5bff97fd546354044fd2b3f704f15.jpg 29,126,375,394,0
v1/VOC2007/JPEGImages/043ba72f6d9f202584b62e8816c98972.jpg 295,225,1256,846,0
v1/VOC2007/JPEGImages/4b3ac95218bf1f1f6340bfa5e6b480db.jpg 124,54,583,392,0
v1/VOC2007/JPEGImages/63a22ddc6637c47350ac3083adc46098.jpg 321,20,530,153,0
v1/VOC2007/JPEGImages/e3645b9b0a6104687fa49b9fba3897e1.jpg 18,62,301,181,0
v1/VOC2007/JPEGImages/86b923388abe1f7e83e4ac6470c95db9.jpg 50,153,578,300,0
v1/VOC2007/JPEGImages/af12866d938f8b79da36230a7d6fbb6a.jpg 426,173,1246,774,0
v1/VOC2007/JPEGImages/06667b139d154d0a8e5cc690132d106f.jpg 64,98,452,303,0
v1/VOC2007/JPEGImages/f5ce570e4c011d9823d04cc3a670f322.jpg 74,152,412,348,0
v1/VOC2007/JPEGImages/9b7cc86efa9b628b4d1242134edad264.jpg 70,70,847,531,0
v1/VOC2007/JPEGImages/89b7d073f36ef48cae26cd3e188a2dce.jpg 41,68,182,136,0
